20 20
203 188 141 187 70 163 259 62 270 253 285 142 383 98 370 371 281 304 357 51
226 8 349 69 344 353 32 387 334 291 372 227 335 362 273 91 240 346 219 200
67 59 275 124 54 213 140 65 210 35 186 317 158 322 287 64 244 380 47 211
326 73 129 177 355 359 110 146 263 228 260 238 104 185 19 191 290 128 76 250
11 286 305 50 247 29 58 340 31 78 202 156 221 218 169 190 195 102 311 363
136 43 111 243 385 313 333 350 230 321 38 258 397 130 90 33 150 237 233 148
81 144 330 255 52 6 279 223 77 170 205 306 157 82 274 319 25 45 297 361
87 49 360 324 184 72 88 301 246 224 276 109 379 149 374 216 147 26 23 75
34 178 80 377 208 369 395 341 251 268 394 265 288 56 248 27 145 126 143 347
204 174 337 318 74 269 95 139 39 396 134 294 193 296 386 339 254 10 179 384
131 36 180 112 105 138 331 242 278 21 206 382 220 222 316 308 160 37 207 125
299 345 392 117 391 15 400 212 7 329 284 154 9 162 89 189 2 22 3 155
231 262 378 165 257 135 182 314 99 63 315 118 264 120 354 42 338 309 310 183
327 376 14 198 373 367 261 267 303 252 245 48 323 325 393 229 332 133 272 364
60 320 300 241 388 328 53 86 302 55 214 164 167 236 152 18 283 336 5 68
161 123 168 71 20 16 358 196 298 13 295 280 137 103 108 40 4 368 366 181
375 66 79 381 348 127 24 171 57 61 119 356 292 197 282 41 201 132 12 106
235 277 399 293 312 121 256 30 151 114 93 46 113 225 97 107 271 365 209 83
234 342 84 217 389 232 176 352 101 249 289 175 1 351 92 173 215 398 390 100
116 153 166 192 94 199 266 115 172 96 307 85 44 28 17 194 159 122 239 343
