1 0
2 1
3 2
4 3
5 4
6 5
7 6
8 7
9 8
10 9
11 11
12 22
13 33
14 44
15 55
16 66
17 77
18 88
19 99
20 101
21 111
22 121
23 131
24 141
25 151
26 161
27 171
28 181
29 191
30 202
31 212
32 222
33 232
34 242
35 252
36 262
37 272
38 282
39 292
40 303
41 313
42 323
43 333
44 343
45 353
46 363
47 373
48 383
49 393
50 404
51 414
52 424
53 434
54 444
55 454
56 464
57 474
58 484
59 494
60 505
61 515
62 525
63 535
64 545
65 555
66 565
67 575
68 585
69 595
70 606
71 616
72 626
73 636
74 646
75 656
76 666
77 676
78 686
79 696
80 707
81 717
82 727
83 737
84 747
85 757
86 767
87 777
88 787
89 797
90 808
91 818
92 828
93 838
94 848
95 858
96 868
97 878
98 888
99 898
100 909
101 919
102 929
103 939
104 949
105 959
106 969
107 979
108 989
109 999
110 1001
111 1111
112 1221
113 1331
114 1441
115 1551
116 1661
117 1771
118 1881
119 1991
120 2002
121 2112
122 2222
123 2332
124 2442
125 2552
126 2662
127 2772
128 2882
129 2992
130 3003
131 3113
132 3223
133 3333
134 3443
135 3553
136 3663
137 3773
138 3883
139 3993
140 4004
141 4114
142 4224
143 4334
144 4444
145 4554
146 4664
147 4774
148 4884
149 4994
150 5005
151 5115
152 5225
153 5335
154 5445
155 5555
156 5665
157 5775
158 5885
159 5995
160 6006
161 6116
162 6226
163 6336
164 6446
165 6556
166 6666
167 6776
168 6886
169 6996
170 7007
171 7117
172 7227
173 7337
174 7447
175 7557
176 7667
177 7777
178 7887
179 7997
180 8008
181 8118
182 8228
183 8338
184 8448
185 8558
186 8668
187 8778
188 8888
189 8998
190 9009
191 9119
192 9229
193 9339
194 9449
195 9559
196 9669
197 9779
198 9889
199 9999
