100 15 100
0000110011000001000000110100001110101000110001010010100001000101010011110101100110110100101010001011
1110010110100000111010011000110000010010110110011101000101101000000110111110100010111011101101100001
0100110000000011001100010100000111100101110001010011110000001101010111110001100010000100100010000010
0010110011001001000100011100100011101100110001000010110100000111010111010101100110110110101110011110
0010110011010011100100010000100111100000110110010010111000001011011011110111100110011000111110001010
0010110011100011000100010010001110100110111001010010110000111111001111110101100010110100111110001010
0110110110111001101010011100111010000100110111001101011101011100001110010011110010111011101100100001
1010110110111001110000011001101000010000100110011101110101101100000110010111000110011101100101100001
1010110110011001111000011100111100000100110110001101010001101100000110010110111010101110001001111001
0010110011100001010000010100000011101100110010110010110000001111110011110111000010010000101110001000
1010111011010011000100110100000111110101111001011110110000001111110111110101100110010010101010001011
0000111011001011100100010010000011110100110001110000111000001110011011110101100010010000101110001010
1110111110111111111010010000101100010101111110001101000101101100000111010100110010110111110101100001
0110110000000011000100000100001111100000110001010000101010001111000011000101100110010100001100001010
1110100010111001111010011001101000100010110001001101010100011111100110010110110010111111101101000001
1011110110011011110010011001101010010000110111001101010101101110000110110110010110110111100101100001
0010110111000011000110011010000111100110110001010010110000000110010011110110101110010100100001001010
1010110110010000111010011011001000101000010110000101110101101100100110010110110010101111101001100001
0010110111000011000100010110000011100101110010010110110001011101010011110101101110110100111100011010
0000100001000011001000011101100111100101110110010010110000001111010001010101100110010100101110001110
1110110111111100111000011000001000000000110010001100000111101000000110000110110010110111100101001001
0110100011000010000101010100001111100000100001000010100000010111010011111001100110110100101111001010
0011010001000011101000010101000110110100100001010010111000001111010011111001100110010100101111101010
0101111011010011010100010100111110100100110001010010010000001111010111110001100111000100101110001010
0010111010000010001100010100000111100000010001110011010000001001010111110100100110011100101111001010
0010100000000011010100000111000111100011110001010010110000001001010011100101100100010100101100001010
0000110010110011000100111100010111101100110001010010110000001110010011110111100110000100100111001100
0110110110111101011011011000101010000000110111000001010001101110000111000110110110111111101101000011
1110110110111001111010010001100000000000110011111101010101101100100110010100100010111111100101011011
1110110110110001001010111000111100000000110100000101010101001100000010110110110010111011101100101101
0110110110111001111001011001100000100001111110001101110110101101000100011110110010111111101101100000
1010110110111001111011110000101100000000100110001101010101101100000110010100100100101110101011100101
0010010000000011100100010100000110100100111001011010011000001101110011001101100110010100101111001010
1110100110111001101011011000101000001010010011001101010101100110000111010111100010111111001101110001
0010010111000011000000010110000111100100110011011010010010001011010001010110100110010100100110001011
0010110001001011001100001110010111100100110011110010110101001111010111110111100110010110101010001010
0010110101100011000100010101010011100110110000010111110000000111010011111101100110010100101100001001
0000110010000011011100010000001111010100111011010010111000011010010011010101100110010100101110001010
1110111110011000101011001000101000100000110110011101010101001100011110011110110000111011101101100011
1111100110111000111010010010101100000010110100011001010101101101000011010110110010101011101101100001
1110110010111011011111001000101000000010110101101101010101101110000111011110110010111011100101100001
0010110110100001010010011000111000001100110110001101010100101000110111010110110010111111100101100001
0010010010010111000100110100000101101100110101010010110010001111111011110100100100010100101100001011
1110110010111001101010011110101000000000110110001011111101101100000100010110111000111100111101100011
1110000010111001111010011000001001100100110101001101010111101100001100010111110010111111100001100001
0010110011000011000101010110011111000001010011000010110100011111010011110110100110010100001110001010
0010110111100001001100010100000111101000110001011010001100001111011011010101100110010100101111001000
1110111110011001110010011011101001001010100110001100010101101101000110110110100010111111101101110000
1110111000111001111010111000101001010010110110000101000111101100010110000110110010101111111101110001
0010011011000010000100010000001011110100101001010010110000000111010111110111100110110100101110000110
0001110001101011000000000110000111101000110001010010010000001111000011110101000110010110101110001000
0000111001000011001100010101101111101100110011010010110000001001010001110101100110010100001100000010
1110010110101000100110011000101000010000110100000100011101101100010010000110110010111111101101100101
0010110011000011000101010100101101100000100001010010110110001111000001110100100110010000111010000010
1110101000101001101010011000001010000000111100000111010101101100000110010110110110110110101101100001
1100111111111001111010011001101000010000110110001111010000101100001111011110110010101101001101100000
1110110010010001110000111101101000000000110011001101010101101100000111000111100010101111101101100001
0010000011000011000100010100000111100000100001010001110000001111010010110000111110010000100010011010
0110111110111001111010011100001001000010110111101101111101101100010110010110000010111111100101100011
0010000011010011101100000100000101100100110001010010110000001111010011010101000101010101101100000000
0000111011000011000110110000000111000000110001010010111000001011011111111100100110010100101110011011
0010110011000011000110010100110111101100100000000010110000001111010011110101100011110000101001000010
1111110110111001111011111100101010000000111110001101110100101000100110010110111010111111101011110101
0010110111100010001100010100101111100100010001010010110010111111010011100101110110010100110110001000
0000110111001011000100010100000111010100111001011010110000000101010011110101001110000100100110010010
0010110111000011100101010100100011100000110001111010110100101011010010110101100110011110101100001010
1011000011000011000101010100000110100100110001010010110001011111011010010001100110000101101110001011
0110110010001011010100010100000000100100110001010000100000001101010001110111000110010100001110001000
1000111010111000111110011000101101000001111110001101010101101100000100010110110110110111101111100011
1110000010111000111110011000101100110000110010011101110000101100000110010110110010111111101001110001
1110110100111001111010011000111000000001010100101100010000001101000110000110010010110111100101100001
1010110010000011000100010001010111100100111101010110110000001111011111111001100110010000101110101110
1110110010111000110010111010100000000010111111001100010101101100000110000111110010111011001101110001
1100110100111010111010010001100000000000111110001101100101111000000110010100110010111110101101101001
1010110011100010010100010000000101100110100001010010110000101111010001110101100010010100101101001001
0010110111000111100100010100011011100100110001110010010000000001010001110001100100010100101110000010
0110110111000011011100010001000011100100110001010000110000001101010010110111010111010100101111001010
0011110011010011000100010000000101100100110100010011110100000100010010100001100010010100101110001010
1110111110111001011010010100111000010101110110001111010101101100000011010110110010101101101101110000
0000100011001111000101010110000111110100010001110100110000001111010111010111110110010100101110001010
1011110011001011000101010101110111100000110001010110110010001111010010110101101110000100111110011010
1110110110011011111010001000101001000001110011001100010011001100000110010000110010111111001001100001
0010110010100011000101010100000110100000010001010010110101001111111100111101100110110100101110001010
0010110110001011101110010100000111100100111001011000110000001111011011110101101111011100101111000010
1010110110111101111010111000101010000000111110000100010100101110100110110111010010111110101101100000
1100110110111001001110010000001000000000111110001111110110101100100110110110110010110111101001100001
0110110100011001111010000110101000000000100110001101010101101101110110010110110010101111001111000001
1110110110111001111010011000100010000001110101001111000111100111000110010110110000101101101100100001
0110010110111001111000011000101010000000100100101001011101101101000100000110111010111111101101101011
0000110001000111000110110101001110100110110001010010110000001011010110110101100100010100101100001011
1010110110111000111010111000111000000011100110000100110101101100000110000110111110111111101111100011
0011110011000011100100111001100111100100111001010000110000001111010011110001110110110000101111001000
0010110011010010100100110100100011110100100001010010110100101111010010010101110110010100101100000010
1011110011111011111010011100101000000010100110101101010001101100000110010000110010111011100101000001
1110111110110000111011111000101110000010110110011101010111101100000100010110110010110011101101101011
1101110110111001011010011000101010000100010110001101111101101100000100110110110110101111101101111101
1010010110111101011001111000110000000000110111101111010101101100000110010010110010111011111101100001
1110110110111001111010011110101000000000100110001001010001000110100110010110111010111110111101110010
0001110111100101000100010100011101100100110011010010110000001000011011110101100110010100111110001010
0110101110101000111010011000101000000000110110101101010001101000000110101110110110101111101101001001
